=== overhead: HIGH-contention (1 lock) ===
--- baseline ---
threads	locks	iters	wall_ns	total_ops	ops_per_sec
1	1	100000	1370365	100000	72973259
2	1	100000	11437637	200000	17486129
4	1	100000	24006596	400000	16662087
8	1	100000	51249474	800000	15609916
16	1	100000	104295474	1600000	15341030
32	1	100000	207081637	3200000	15452843
64	1	100000	430052098	6400000	14881918

--- lockdep global ---
threads	locks	iters	wall_ns	total_ops	ops_per_sec
1	1	100000	2896003	100000	34530351
2	1	100000	23766247	200000	8415296
4	1	100000	41046935	400000	9744942
8	1	100000	110939951	800000	7211108
16	1	100000	240347128	1600000	6657038
32	1	100000	498476164	3200000	6419565
64	1	100000	983515082	6400000	6507272

--- lockdep rb ---
threads	locks	iters	wall_ns	total_ops	ops_per_sec
1	1	100000	3072843	100000	32543153
2	1	100000	22335998	200000	8954156
4	1	100000	42964830	400000	9309940
8	1	100000	110303123	800000	7252741
16	1	100000	252239769	1600000	6343171
32	1	100000	510781629	3200000	6264908
64	1	100000	1007127150	6400000	6354709

=== overhead: LOW-contention (locks=threads) ===
--- baseline ---
threads	locks	iters	wall_ns	total_ops	ops_per_sec
1	1	100000	1521651	100000	65718092
2	2	100000	17539522	400000	22805639
4	4	100000	76561905	1600000	20898122
8	8	100000	225543315	6400000	28375924
16	16	100000	555982602	25600000	46044606
32	32	100000	1434621489	102400000	71377712
64	64	100000	3973608380	409600000	103080113

--- lockdep global ---
threads	locks	iters	wall_ns	total_ops	ops_per_sec
1	1	100000	2867577	100000	34872647
2	2	100000	38844877	400000	10297368
4	4	100000	129407027	1600000	12364089
8	8	100000	380767355	6400000	16808164
16	16	100000	839561981	25600000	30492091
32	32	100000	2253435281	102400000	45441731
64	64	100000	6543825924	409600000	62593352

--- lockdep rb ---
threads	locks	iters	wall_ns	total_ops	ops_per_sec
1	1	100000	3165745	100000	31588141
2	2	100000	42883653	400000	9327564
4	4	100000	130743935	1600000	12237661
8	8	100000	379173392	6400000	16878821
16	16	100000	832565178	25600000	30748343
32	32	100000	2307708227	102400000	44373027
64	64	100000	7082261676	409600000	57834632
